house_floor_points <- data.frame(
  easting = c(4.1, 4.5, 5.5, 5.3, 5.9, 6.6, 2.7, 3.2, 3.7, 0.4, 0.2, 0.8, -0.4, -0.1, -0.1,
              -1.8, -1, -0.6, -1.3, -0.9, -0.8, -0.6, -0.6, -2.2, -2.1, -1.5, -1.2, -1.1, -0.6, -0.6,
              -2.2, -2.1, -1.9, -1.5, -1.5, -1.1, -1, -1, -0.8, -0.6, 0.6, 0.8, 1.4, 2.1, 2.5,
              2.9, 2.9, 3.1, 3.1, 3.2, 3.8, 4.1, 4.3, 4.4, 4.5, 4.8, 5.3, 6.2, 6.3, 6.8,
              0.1, 0.3, 0.6, 0.8, 1.3, 1.9, 1.1, 1.1, 1.1, 1.4, 1.8, 1.9, 2.2, 2.1, 2.7,
              2.4, 3.5, 2.2, 2.4, 2.4, 2.7, 3.2, 3.6, 3.9, 3.2, 3.9, 3.2, 3.5, 3.7, 3.8,
              4.5, 4.9, 5.1, 5.7, 5.9, 4.3, 4.4, 4.2, 4.8, 4.7, 4.8, 5.2, 5.7, 4.2, 4.7,
              5.7, 5.3, 5.7, 5.7, 5.6, 5.2, 5.4, 5.9, 6.1, 6.4, 6.5, 7.1, 6.5, 6.6, 6.9,
              7.4, 6.2, 6.9, 7.4, 6.3, 7.5, 6.4, 7.6
              ),
  northing = c(-2.4, -2.1, -2.4, -2.1, -2.1, -2.1, -2.3, -2.1, -2.3, -2.3, -2.1, -2.4, -1.9, -1.2, -0.4,
               1.6, 1.7, 1.4, 0.8, 0.5, 0.1, 0.3, 0.7, -0.5, -0.7, -0.6, -0.3, -0.6, -0.4, -0.9,
               -1.2, -1.8, -1.4, -1.2, -1.9, -1.9, -1.7, -1.2, -1.9, -1.5, -2.9, -3.2, -2.9, -3.8, -2.7,
               -3.8, -3.4, -3.7, -3.1, -2.7, -2.8, -3.1, -3.1, -2.7, -3.6, -3.2, -2.7, -2.8, -3.4, -2.8,
               0.4, -1.4, -1.8, -1.3, 0.7, 0.5, -1.9, -1.2, -0.7, -1.6, -1.7, -0.9, 0.1, 1.7, 1.4,
               -0.9, -0.1, -1.4, -1.8, -1.4, -1.7, -1.3, -1.1, -1.5, 2.1, 2.1, 0.4, 1.8, 1.2, 0.9,
               2.3, 2.4, 2.1, 2.6, 2.1, 0.4, 2.3, 1.7, 0.7, -0.8, -0.1, -0.9, -0.7, -1.7, -1.4,
               -1.3, 0.1, 0.1, 0.5, 1.2, 1.4, 1.8, 1.7, 2.5, 2.2, 2.6, 2, 1.2, 1.5, 1.8,
               1.2, 0.5, 0.1, 0.8, -0.5, -0.6, -1.4, -1.1
               ),
  depth = c(64, 65, 60, 60, 60, 61, 68, 63, 65, 74, 76, 78, 63, 62, 51,
            44, 50, 53, 61, 58, 56, 60, 55, 67, 61, 63, 60, 59, 56, 59,
            71, 66, 63, 72, 65, 72, 73, 75, 75, 60, 77, 82, 78, 75, 68,
            80, 79, 78, 70, 67, 68, 66, 67, 66, 63, 65, 65, 63, 61, 65,
            53, 67, 70, 62, 55, 55, 75, 65, 60, 74, 70, 68, 62, 60, 58,
            66, 63, 73, 70, 69, 70, 58, 60, 68, 49, 52, 51, 52, 57, 63,
            50, 48, 53, 48, 50, 61, 59, 53, 63, 68, 68, 67, 58, 70, 65,
            64, 68, 66, 57, 62, 54, 55, 57, 49, 50, 55, 47, 57, 56, 56,
            56, 58, 60, 56, 62, 65, 53, 61
            )
)
floor_surface_matrix <- create_floor_grid(house_floor_points, grid_resolution = 40)
cat("created floor surface matrix:")
print(paste("x (easting) values:",
            length(floor_surface_matrix$x)))
print(paste("y (northing) values:",
            length(floor_surface_matrix$y)))
print(paste("z matrix dimensions:",
            dim(floor_surface_matrix$z)[2]))
print(paste("z is matrix?",
            is.matrix(floor_surface_matrix$z)))
